Nahid,Hossain
Joe,Doe
Justin,Doe
Jane,Doe
John,Doe
